--compiled
motion.WorkFrame(0)
motion.ToolFrame(3)
lp1=joint(274.491,2.52355,-115.922,272.925,-100.32,-175.922,0,3)
lp2=joint(229.31,-18.3904,-142.07,340.471,-130.691,-180,0,0)
lp3=joint(196.227,-17.0539,-128.16,294.197,-76.4825,-170.747,0,0)
lp4=joint(155.204,-21.3301,-122.084,316.108,-114.829,-183.07,0,0)
lp5=joint(155.204,-21.3301,-122.084,316.108,-114.829,-183.07,0,0)
lp6=joint(162.922,-36.8377,-98.5808,308.478,-107.184,-182.045,0,0)
lp7=joint(178.901,2.48163,-118.964,277.441,-99.925,-175.566,0,3)
lp8=joint(178.584,2.52329,-115.922,272.926,-100.32,-175.922,0,2)
